1 7 550 8024 4734 5918 2130 4848 1630 
1 6 19259 19287 821 2082 19349 4226 
1 5 4226 2881 7797 4384 19151 
1 7 19151 3992 19150 19149 3237 1583 4582 
1 12 4582 6532 19130 1456 3720 2765 2861 2853 18797 6341 3589 5066 
1 8 5066 1830 18533 5557 18495 18534 18484 18418 
1 8 18418 18419 5032 18519 6590 18460 3646 6127 
1 12 6127 18112 386 17913 7151 17741 17635 8404 2098 1695 17118 900 
1 11 900 16998 17119 7702 4752 17263 17199 5515 2575 8302 17361 
1 13 6127 18112 18073 18039 3544 6721 4349 949 17769 3336 3267 17646 17617 
1 6 17361 17412 1202 3837 17553 17617 
1 13 17617 17692 5972 17843 17890 5213 5420 18064 18114 18144 4828 4167 18336 
1 11 7155 18798 18736 5166 18729 18701 18618 18564 18485 18411 18350 
1 5 18350 6689 18231 4827 18143 
1 5 18143 5775 7046 6200 17617 
1 7 18350 3274 4075 18315 4828 4167 18336 
1 4 19080 6853 8357 19259 
1 6 19080 724 18949 18872 18861 7155 
1 6 7155 2378 18787 18749 18667 18708 
1 4 18708 3643 7057 3581 
1 13 3581 18857 2810 18814 1622 6612 18785 18768 18675 7412 5045 3589 5066 
1 5 18708 18591 18505 7597 6127 
1 5 1583 7708 19048 18988 3581 
1 13 19259 5983 214 19100 3933 2255 8078 254 18709 4278 18537 4505 18336 
1 2 4582 4552 
1 7 19259 8107 3262 6916 4830 2946 19414 
1 3 4278 1696 5524 
1 13 5524 3122 18940 2151 54 19135 5726 19248 975 1286 680 2897 19414 
1 7 2897 3512 1339 2774 212 4615 4291 
1 5 2774 708 7009 3793 7143 
1 5 7143 19269 2271 19172 19220 
1 6 7143 19260 19201 6359 19101 54 
1 4 4291 4214 19497 130 
1 7 130 19450 797 6108 1544 4366 19255 
1 5 19255 19319 401 19264 19220 
1 5 19220 19165 7149 6876 18978 
1 9 5524 18799 6246 5321 19033 19081 264 2153 18978 
1 3 18978 18884 247 
1 7 247 1090 18777 18820 2910 6246 18799 
1 6 247 18751 4387 4127 5411 18566 
1 7 19255 7734 955 19208 4113 4508 1786 
1 5 1786 7751 5220 18757 18660 
1 8 18660 2022 439 3394 18066 17974 17883 5844 
1 13 18566 18507 5292 18351 18178 18145 3061 18097 18014 18034 17949 17883 5844 
1 7 18566 18605 2753 2705 18833 18893 1786 
1 9 5844 6803 5233 17424 5334 842 17103 17042 17025 
1 6 18566 18448 18387 2543 18232 18156 
1 12 18156 2047 17973 5677 17759 324 5569 17471 735 17352 8264 17025 
1 5 5569 17506 17398 4519 4968 
1 10 4968 17179 17218 6291 6658 17201 7352 17121 17024 17023 
1 7 18156 4563 4396 18209 18276 4389 18376 
1 9 18376 631 18115 5257 17881 17891 6219 5451 17844 
1 15 17844 1633 17783 17647 17535 17460 5075 1437 17275 5326 4967 17066 2223 16971 16936 
1 8 4967 16907 4717 304 16396 16221 7783 15920 
1 8 15920 15963 6170 6441 16185 7326 5337 8110 
1 14 8110 16204 16132 16074 15983 15868 15763 4761 7332 15459 15342 2178 15094 1395 
1 8 17023 7109 8259 5353 4510 16562 16503 8110 
1 10 17023 16908 7915 16665 2611 8084 866 7154 16186 475 
1 8 475 15922 3304 15846 6155 15559 15522 15570 
1 9 1395 15167 5405 15330 4440 15461 15426 15522 15570 
1 11 15570 2939 15894 15995 16105 16172 5631 554 16738 16888 17025 
1 11 17844 17770 5789 1003 17469 7126 17246 17120 17000 17087 17023 
1 9 15920 15781 8306 15517 15391 15166 6565 3702 3710 
1 14 7783 7523 6122 16268 7415 3826 16395 16436 16374 6412 8350 16008 15891 8055 
1 9 8055 8319 15556 4047 6846 4414 8014 1375 3710 
1 4 1003 17618 17649 4770 
1 3 4770 17804 17881 
1 5 18376 2265 18565 2842 5524 
1 3 900 16886 16703 
1 5 16703 5824 16681 16722 16634 
1 4 16634 16454 3366 7271 
1 4 8055 3392 15661 7290 
1 6 3710 7231 2770 14675 425 8166 
1 2 8166 14371 
1 6 8166 4937 7968 14693 14638 8038 
1 2 8038 14622 
1 2 4737 3059 
1 8 4737 7871 5733 8164 1641 14704 7395 14622 
1 18 3059 3546 13587 13602 4338 13452 2785 13153 8219 1354 12673 4502 412 12940 4987 13225 13338 13435 
1 2 13435 13469 
1 5 13469 4632 13814 13965 14081 
1 7 13469 4065 13434 342 5887 8086 13165 
1 9 13165 6937 4441 1924 12872 387 12615 12497 869 
1 6 12881 12714 12569 12484 1355 12257 
1 3 12257 12256 12179 
1 4 12179 12134 2607 245 
1 8 13528 13490 13422 13325 7639 13095 5378 12881 
1 8 7186 12414 12287 12255 12149 12193 12121 245 
1 2 12514 7186 
1 8 14123 3993 13935 13875 13798 6935 139 13528 
1 7 12514 12618 5985 12825 12929 7512 291 
1 12 3546 13715 2445 8029 13862 13934 13980 1714 13966 6786 2862 14123 
1 8 13587 6680 13454 2989 13289 4925 13244 291 
1 11 291 13166 7455 13261 13290 13245 5155 13291 8158 139 13528 
1 13 12514 12336 1055 12268 7092 12075 12003 8095 5369 11934 11902 11992 677 
1 7 677 6725 11849 4029 11578 2764 5626 
1 6 869 1432 5064 5230 4520 818 
1 12 818 11707 1499 2636 11795 2246 11606 11564 11627 11691 11614 5626 
1 9 13165 8086 857 13669 13785 876 14120 14179 14326 
1 7 14193 4000 14308 3842 14284 14340 14326 
1 10 14193 14307 14434 5005 337 14793 14921 15034 3272 15009 
1 7 15009 15073 15187 15151 1045 15301 15457 
1 3 15457 15389 7927 
1 7 15457 15555 15677 15693 1881 15982 7271 
1 5 6373 5606 15218 15034 3272 
1 6 7271 5830 1982 15580 4171 6373 
1 6 7927 6842 15676 15729 5030 15981 
1 6 15981 16103 5738 16471 1706 6329 
1 8 6329 16845 49 2196 17117 3513 229 17360 
1 10 15981 4499 1102 16039 16073 3057 16023 16007 15951 15980 
1 9 6439 2657 5658 15807 15728 15643 2235 2283 1691 
1 6 1691 4583 5781 4792 14618 8228 
1 9 14618 8186 14663 14556 14635 8051 14569 8345 14690 
1 19 14690 2566 5570 4530 662 14664 14700 6278 14736 5014 14737 14673 1304 14824 14779 2621 14905 15009 3272 
1 10 14193 13999 14015 14014 5499 1986 7617 13945 13978 13856 
1 9 869 12449 75 12319 12370 12466 7555 12429 12510 
1 9 12510 12651 6843 7426 13151 1179 13524 13637 13856 
1 6 13856 8284 13784 13766 13783 2287 
1 7 2287 4397 13466 2124 7657 5654 6172 
1 9 6172 13163 13223 6271 13419 6787 13485 13464 5584 
1 11 5584 2097 13107 13015 12909 12710 12535 4849 12315 12249 6707 
1 9 12265 12281 2974 4190 5435 12129 12086 11964 11832 
1 20 11832 11808 2328 3577 11643 11600 8220 11622 4707 7821 4123 11561 1883 91 1061 11260 2630 11214 11103 11035 
1 2 1883 1455 
1 9 11035 7053 653 7603 7574 10228 2369 6524 1764 
1 5 11035 7588 11021 10986 10985 
1 3 10228 1724 7295 
1 5 9866 135 10046 6524 1764 
1 5 10018 9922 7919 4731 9866 
1 6 7295 10489 2754 2327 10898 10985 
1 11 10985 4388 11247 11359 11463 8147 11619 11717 11807 11928 4365 
1 5 8228 14507 14367 6895 7065 
1 6 7065 14131 14029 13871 13744 13656 
1 8 13656 6613 3650 7482 7401 1182 13275 13206 
1 7 13275 13206 13146 8268 2612 2245 3301 
1 8 5584 13665 8154 13854 2601 14039 1787 7065 
1 15 13275 1934 1477 6244 4528 1021 13014 244 6806 12758 12648 12527 12396 12265 6707 
1 10 3301 7085 1540 12577 12493 905 12188 12085 11949 11832 
1 9 3301 12834 8406 408 12666 12588 8045 12507 12565 
1 10 13656 13781 2834 13797 5366 4321 3565 14176 14353 14429 
1 9 14429 4370 14777 379 15086 15185 320 15481 4422 
1 7 4422 4412 15608 4160 3449 15339 3453 
1 5 4422 15724 15673 2745 15915 
1 6 3453 4588 15513 2554 965 7340 
1 11 4422 15435 1930 6845 5497 14917 3433 4493 14543 14413 6218 
1 10 15915 15886 15779 1613 15947 15862 6133 7232 15758 6589 
1 7 6589 15594 2103 15311 3118 15026 14900 
1 7 6218 6546 14523 7390 14687 14789 14900 
1 9 6218 14305 14255 14280 6173 14256 14257 4451 2959 
1 2 2959 14429 
1 8 2959 4370 14777 14871 15054 5572 15228 3453 
1 13 15915 2745 15836 5982 5117 16047 15888 15791 7548 15792 15793 965 7340 
1 7 15915 3775 16101 16082 7559 6485 16450 
1 5 670 16307 851 3192 16047 
1 5 7340 15949 7399 3064 2919 
1 10 2919 5419 16321 16265 16264 16370 2070 2529 2485 670 
1 4 2919 16356 16452 6765 
1 6 16872 16982 6892 1297 5916 17408 
1 8 17360 17308 17307 6363 2921 17086 5107 16872 
1 8 16872 1169 16574 2982 881 16412 16266 2845 
1 4 17458 1770 17680 6963 
1 11 6963 4031 17740 5009 6427 17811 17816 6519 17767 5790 17781 
1 2 18048 1360 
1 4 1360 18037 7790 17781 
1 6 1360 18203 6906 18241 18312 5742 
1 7 1360 864 3981 18502 2914 18685 1359 
1 2 18853 18795 
1 3 2767 18881 18877 
1 6 18738 18720 2247 5463 18828 2767 
1 6 18853 18782 4161 1853 5495 1359 
1 2 18795 1568 
1 8 7433 17929 2672 17902 632 18058 3161 18084 
1 9 18084 4730 2547 1201 1382 18189 1231 18202 8043 
1 8 16450 6345 16482 16411 6544 851 16434 670 
1 9 16450 6485 2059 5563 16423 16541 7789 16601 16732 
1 7 18084 18001 17901 6492 7889 5991 17382 
1 12 17382 2431 3112 17243 17303 17235 17234 17335 17347 17434 5931 17422 
1 15 17422 1784 7942 5216 2296 4560 2114 17333 2701 17322 6418 7985 17290 17346 4176 
1 6 16732 4243 16994 17113 17232 17333 
1 8 17382 1736 6258 16902 16787 16631 2183 16452 
1 10 17422 17549 17587 17690 706 17861 17956 18056 18140 18228 
1 7 8043 3598 18201 18194 18263 18219 18228 
1 5 18877 18946 18998 19055 726 
1 10 726 600 19142 3483 4400 19076 19054 19094 409 19031 
1 11 19031 18982 18892 2688 18811 7034 18691 18570 5971 6239 7604 
1 4 2688 1467 2058 18665 
1 8 18665 18602 3848 18428 18332 4044 18110 917 
1 8 18877 2730 6634 4558 2595 18747 18672 18649 
1 6 18649 2628 3029 1607 18311 18228 
1 8 917 18082 127 18296 18395 3225 18551 18649 
1 7 917 17878 17764 3682 2300 17464 4176 
1 7 19076 1851 18954 18880 18812 8320 18649 
1 7 18738 18720 4765 1684 5089 2392 8043 
1 7 5931 2617 4993 16769 16630 16572 16450 
1 8 4176 1318 17407 1704 3559 6692 17211 17110 
1 5 7604 3240 2931 18092 3812 
1 5 3812 6175 5407 17807 17714 
1 5 17714 17657 4419 6556 17544 
1 6 17544 951 17432 5422 6121 16858 
1 7 17544 17490 1788 17455 5958 2487 17110 
1 8 16858 16628 16555 1249 16368 5531 16115 4194 
1 10 17110 17097 3356 4259 16820 16747 1512 16520 656 16290 
1 8 17110 4345 296 2727 16919 4504 16859 16858 
1 3 16290 4991 3259 
1 11 16290 656 16289 2080 16218 16217 16198 7111 16097 1697 4194 
1 5 4194 15821 15656 63 15468 
1 9 4194 15914 15722 15591 15467 15401 5399 15182 585 
1 5 3259 15885 35 5088 6153 
1 8 6153 15402 15512 15433 5628 15432 15477 15468 
1 2 15468 1299 
1 6 15468 15323 15294 15278 15147 14946 
1 4 14946 5053 1686 14684 
1 5 14684 14584 7381 14397 2301 
1 7 6153 15369 6405 15160 7769 14744 2159 
1 6 585 3223 14866 14867 5256 14946 
1 5 585 6982 14733 8002 14470 
1 4 2159 4009 2048 14278 
1 7 14278 4038 1576 13975 2013 13727 13616 
1 13 13616 1460 13369 5743 13238 13183 2430 12995 6991 12819 12757 12693 12565 
1 3 12565 1844 4576 
1 9 4576 6179 5095 1889 6856 7190 13145 1941 5995 
1 2 5995 13348 
1 10 13348 4739 3360 2243 13850 13792 13810 6751 691 2301 
1 5 14470 5784 157 2656 14206 
1 7 14206 1678 13974 7252 13780 13706 13597 
1 6 13597 6050 13397 13302 567 13303 
1 3 13597 5371 13849 
1 5 13597 4638 1972 13093 4250 
1 7 13303 6969 13445 13564 13653 13446 1236 
1 5 14206 14115 13929 1619 13653 
1 5 14470 7700 4850 6643 13849 
1 6 13303 13124 4809 12890 7188 12665 
1 11 1236 2021 13182 3219 6702 12777 12707 12645 12525 12424 12313 
1 4 4250 7954 13036 12692 
1 3 12692 12611 4826 
1 8 12692 12878 2893 13124 1362 7423 13304 1236 
1 7 12665 2852 5906 4843 5016 12424 12313 
1 6 12665 3823 12506 6785 12626 12692 
1 7 12313 12278 6154 12042 12203 12263 4576 
1 10 12313 5059 12576 12708 8028 8296 13011 13144 2819 13348 
1 5 1236 13547 13654 13764 13810 
1 6 12665 2852 5698 12262 12153 4365 
1 9 12313 3329 404 11611 11484 11409 11194 10986 10985 
1 11 6218 14064 216 13677 6915 13519 13400 13272 7956 12978 3301 
1 10 6218 6737 14130 178 13930 13889 13851 13793 13727 13616 
1 10 14900 4041 2056 14567 7793 14502 14482 14428 718 14278 
1 6 6589 15904 5739 15958 16021 3259 
1 9 6589 15757 7600 15593 15533 6446 15478 15503 6153 
1 8 16732 16589 7169 16353 16219 16068 15946 6589 
1 9 7340 1470 15727 15628 7762 15550 15437 15438 1691 
1 11 3453 15257 7577 15164 15088 14949 14838 14750 2694 14507 8228 
1 4 19565 111 654 19613 
1 4 5587 3155 5486 19613 
1 3 19613 865 1716 
1 4 794 647 19630 84 
1 3 3380 6440 5115 
1 52 245 11819 11676 281 2069 2923 3282 10949 6821 3460 3258 4684 8262 3415 7428 10057 9968 9888 3109 9730 8022 9609 5642 1215 9399 9321 6880 4617 5042 2983 4361 432 8934 2911 8803 3244 4309 5054 1730 8579 7192 8536 8521 7219 434 895 7008 8443 5021 2400 7177 550 
