1 130 
1 245 
1 247 
1 291 
1 475 
1 550 
1 585 
1 670 
1 677 
1 726 
1 794 
1 818 
1 869 
1 900 
1 917 
1 1236 
1 1359 
1 1360 
1 1395 
1 1455 
1 1630 
1 1691 
1 1764 
1 1765 
1 1786 
1 2159 
1 2287 
1 2301 
1 2845 
1 2919 
1 3259 
1 3272 
1 3301 
1 3380 
1 3453 
1 3581 
1 3710 
1 3812 
1 4176 
1 4194 
1 4226 
1 4250 
1 4291 
1 4365 
1 4582 
1 4737 
1 4770 
1 4968 
1 5066 
1 5524 
1 5584 
1 5626 
1 5742 
1 5844 
1 6127 
1 6153 
1 6172 
1 6218 
1 6329 
1 6589 
1 6707 
1 6963 
1 7065 
1 7143 
1 7155 
1 7271 
1 7295 
1 7340 
1 7604 
1 8038 
1 8043 
1 8055 
1 8110 
1 8166 
1 8228 
1 9866 
1 10985 
1 11035 
1 11832 
1 12257 
1 12313 
1 12510 
1 12514 
1 12565 
1 12665 
1 12692 
1 12881 
1 13165 
1 13275 
1 13303 
1 13348 
1 13469 
1 13528 
1 13597 
1 13616 
1 13656 
1 13856 
1 13965 
1 14123 
1 14193 
1 14206 
1 14278 
1 14326 
1 14429 
1 14470 
1 14690 
1 14900 
1 15457 
1 15468 
1 15570 
1 15915 
1 15920 
1 15980 
1 15981 
1 16290 
1 16450 
1 16703 
1 16732 
1 16858 
1 16872 
1 16936 
1 17023 
1 17025 
1 17110 
1 17360 
1 17361 
1 17382 
1 17422 
1 17544 
1 17617 
1 17714 
1 17781 
1 17844 
1 18084 
1 18143 
1 18156 
1 18228 
1 18336 
1 18350 
1 18376 
1 18401 
1 18418 
1 18566 
1 18649 
1 18660 
1 18665 
1 18708 
1 18738 
1 18795 
1 18877 
1 18978 
1 19031 
1 19080 
1 19151 
1 19220 
1 19255 
1 19259 
1 19414 
1 19613 
