state={
	id=10
	name="STATE_10"
	history = {
		owner = MTG
		add_core_of = MTG
		victory_points = {
			6347 1
		}
	}
	provinces={
		2766 2798 2960 3052 3630 3872 4378 4785 5212 5383 5483 5755 6096 6347 6459 6843 6932 7426 7555 7813 7959 8100 8250 11863 11876 11899 11900 11919 11953 11989 12014 12030 12050 12051 12072 12073 12119 12120 12145 12158 12174 12175 12206 12207 12223 12224 12235 12236 12250 12302 12317 12318 12332 12348 12369 12411 12428 12429 12438 12465 12482 12509 12510 12537 12581 12594 12614 12651 12652 12711 12781 12836 12869 
	}
	buildings_max_level_factor=1.000
	manpower=1127468
	state_category = metropolis
}
