state={
	id=201
	name="STATE_201"
	provinces={
		135 1050 1344 1724 1962 2327 2754 3071 3333 3385 3584 4092 4388 5020 5199 5314 5565 5649 7295 7452 8157 10046 10062 10093 10094 10103 10108 10116 10138 10183 10203 10214 10276 10277 10304 10313 10314 10362 10415 10416 10423 10424 10436 10480 10489 10499 10500 10526 10564 10573 10574 10592 10604 10618 10646 10647 10664 10691 10715 10749 10761 10827 10828 10867 10868 10897 10898 10985 10986 11296 
	}
	buildings_max_level_factor=1.000
        manpower=1
        state_category = town
}
