state={
	id=204
	name="STATE_204"
	history = {
		owner = XXX
		add_core_of = XXX
	}
	provinces={
		203 686 727 1052 1058 1963 2051 2372 2551 2780 3511 3642 4206 4914 6162 6280 6653 7409 7483 7629 8134 9777 9858 9913 9924 9946 9955 9996 9997 9998 10020 10021 10040 10055 10080 10086 10087 10096 10120 10147 10161 10169 10170 10206 10221 10266 10287 10306 10322 10351 10372 10385 10450 10481 10516 10544 10609 10620 10631 10654 10680 10767 
	}
	buildings_max_level_factor=1.000
        manpower=1
        state_category = town
}
