state={
	id=219
	name="STATE_219"
	history = {
		owner = XXX
		add_core_of = XXX
		victory_points = {
			1950 17
		}
	}
	provinces={
		1063 1336 1404 1947 1950 2391 2768 3120 3226 3862 4133 5140 5190 5238 5311 5503 5685 6023 6032 6734 7094 7551 7666 7720 7979 8352 10053 10119 10142 10220 10285 10286 10348 10349 10406 10493 10515 10543 10565 10584 10596 10679 10696 10724 10766 10807 10808 10833 10869 10922 10933 10958 11088 11200 11379 11478 11587 
	}
	buildings_max_level_factor=1.000
	manpower=53
	state_category = wasteland
}
