state={
	id=327
	name="STATE_327"
	history = {
		owner = KAI
		add_core_of = KAI
		victory_points = {
			1238 8
		}
		victory_points = {
			12665 31
		}
	}
	provinces={
		21 707 1115 1138 1236 1238 1362 1373 1430 1711 2021 2438 2852 2893 3219 3470 3690 3823 4809 4826 4843 5016 5059 5223 5391 5477 5698 5702 5796 5803 5906 5992 6069 6523 6702 6715 6785 7029 7086 7188 7423 7479 7718 7840 8028 8083 8296 12186 12202 12231 12262 12329 12343 12365 12393 12394 12405 12406 12407 12424 12436 12458 12459 12506 12524 12525 12563 12576 12611 12625 12626 12627 12628 12644 12645 12665 12692 12706 12707 12708 12740 12754 12755 12756 12777 12778 12803 12832 12847 12865 12878 12890 12905 12968 12994 13011 13023 13049 13061 13124 13143 13161 13181 13182 13284 13304 13305 13398 13399 13446 13517 13547 13654 13676 
	}
	buildings_max_level_factor=1.000
	manpower=6558990
	state_category = megalopolis
}
