state={
	id=349
	name="STATE_349"
	history = {
		owner = PAZ
		add_core_of = PAZ
		victory_points = {
			291 8
		}
	}
	provinces={
		3 99 291 594 891 947 1536 1635 1714 2218 2362 2740 3401 3727 4014 4715 4894 4925 5650 5985 6100 6422 6698 7134 7204 7285 7324 7455 7512 7713 7834 12373 12470 12513 12567 12568 12597 12618 12634 12635 12712 12729 12744 12824 12825 12837 12855 12914 12929 12941 12958 13043 13053 13066 13132 13166 13244 13261 13289 13323 13388 13404 13405 13509 13538 13588 13623 13670 13697 13717 13816 13836 13966 14083 
	}
	buildings_max_level_factor=1.000
	manpower=1495689
	state_category = metropolis
}
