state={
	id=351
	name="STATE_351"
	history = {
		owner = XXX
		add_core_of = XXX
	}
	provinces={
		624 777 1145 1713 1766 2639 2789 4836 5478 5507 5610 5856 6302 6389 6735 7128 7911 12338 12453 12519 12556 12602 12638 12659 12748 12766 12767 12768 12829 12874 12920 12930 12943 12974 13031 13032 13044 13045 13055 13082 13113 13136 13137 13156 13172 13202 13228 13248 13249 13266 13297 13309 13328 13341 13358 13359 13436 13458 13473 13474 13542 
	}
	buildings_max_level_factor=1.000
        manpower=1
        state_category = town
}
