state={
	id=355
	name="STATE_355"
	history = {
		owner = XXX
		add_core_of = XXX
	}
	provinces={
		196 234 603 1321 1371 1416 1480 1498 2037 3076 3371 3499 3873 5713 5752 5962 6896 7054 7380 7560 7910 7934 8102 12400 12454 12499 12520 12603 12674 12675 12676 12735 12786 12812 12839 12882 12921 12931 12945 12987 13006 13017 13018 13033 13056 13101 13115 13211 13310 13329 13376 13410 13425 13426 13459 13543 13571 13660 
	}
	buildings_max_level_factor=1.000
        manpower=1
        state_category = town
}
