state={
	id=356
	name="STATE_356"
	provinces={
		342 605 857 876 1126 1914 1924 2360 2696 3095 3293 3425 4441 4550 4683 4700 4800 4882 5048 5076 5215 5887 5936 6215 6937 6990 7016 7516 8086 8240 12686 12782 12795 12853 12897 12912 12982 12999 13016 13026 13042 13051 13076 13165 13190 13207 13224 13243 13288 13337 13371 13372 13387 13403 13434 13468 13489 13507 13536 13585 13669 13693 13732 13785 13859 13874 14016 14103 
	}
	buildings_max_level_factor=1.000
        manpower=1
        state_category = town
}
