state={
	id=367
	name="STATE_367"
	provinces={
		987 1101 1849 2299 2443 3613 3905 4010 4851 5061 6393 6630 7179 7198 8070 12749 12770 12771 12858 12859 12875 12883 12975 12976 12988 13007 13008 13046 13057 13070 13083 13084 13102 13116 13158 13174 13191 13230 13231 13268 13280 13311 13361 13377 13392 13427 13475 13494 13495 13496 13497 13544 13559 13592 13609 13610 13626 13674 13720 13737 13738 13841 13921 
	}
	buildings_max_level_factor=1.000
        manpower=1
        state_category = town
}
