state={
	id=368
	name="STATE_368"
	history = {
		owner = XXX
		add_core_of = XXX
		victory_points = {
			4726 19
		}
	}
	provinces={
		252 311 964 1594 1637 1646 2894 3009 4200 4672 4726 4753 5547 5996 6135 6139 6540 7393 7472 7609 7825 8040 8178 8324 12813 12885 12886 13009 13010 13085 13103 13104 13117 13138 13175 13203 13212 13213 13232 13251 13281 13330 13331 13362 13393 13439 13498 13499 13511 13512 13593 13611 13627 13628 13647 13648 13760 13773 13805 13825 
	}
	buildings_max_level_factor=1.000
        manpower=1
        state_category = town
}
