state={
	id=374
	name="STATE_374"
	provinces={
		273 314 493 728 1197 1254 1841 1956 2209 2445 2531 2785 2989 3059 3239 3346 3424 3546 4338 4737 5010 5131 5522 5913 6680 7088 7374 7562 8029 8222 12957 13052 13065 13131 13154 13155 13197 13277 13278 13308 13322 13339 13451 13452 13453 13454 13508 13537 13554 13566 13567 13568 13587 13602 13639 13640 13641 13681 13695 13696 13715 13716 13751 13768 13861 13862 13897 13912 13934 13979 13980 14019 14043 14066 14067 14082 14137 14180 14181 14194 14248 14296 14327 
	}
	buildings_max_level_factor=1.000
        manpower=1
        state_category = town
}
