state={
	id=404
	name="STATE_404"
	history = {
		owner = PIN
		add_core_of = PIN
		victory_points = {
			13146 12
		}
	}
	provinces={
		220 244 904 909 1021 1182 1210 1477 1504 1692 1787 1896 1934 1968 2521 2601 2834 3509 3602 3650 3758 3820 3822 4017 4151 4294 4321 4528 4630 4982 5366 5468 5709 5732 6244 6313 6413 6529 6583 6613 6624 6655 6895 7065 7401 7482 7676 7748 7898 7982 8006 8252 12849 12850 12908 12954 12969 12970 12971 12996 13014 13024 13040 13126 13146 13147 13186 13206 13220 13221 13257 13274 13275 13319 13335 13349 13418 13449 13462 13484 13504 13505 13520 13521 13534 13550 13578 13598 13599 13618 13634 13635 13656 13678 13679 13711 13712 13744 13745 13746 13781 13797 13833 13853 13871 13909 13910 13942 13961 13976 14028 14029 14030 14031 14039 14131 14132 14161 14162 14190 14258 14259 14294 14366 14367 14485 14506 14634 14651 14689 14749 
	}
	buildings_max_level_factor=1.000
	manpower=1024873
	state_category = metropolis
}
