state={
	id=411
	name="STATE_411"
	provinces={
		362 741 844 870 1089 1234 1641 1946 2606 3073 3441 3540 3891 3903 3932 4426 4496 4632 4763 4879 4937 5281 5324 5336 5733 5828 6344 6569 6667 6756 6811 7298 7395 7539 7801 7871 7968 8038 8164 8166 8177 8273 13694 13813 13814 13815 13860 13896 13947 13965 14017 14018 14081 14121 14122 14135 14136 14164 14229 14246 14247 14264 14285 14295 14309 14310 14371 14372 14373 14403 14418 14458 14472 14510 14511 14547 14548 14558 14587 14602 14622 14638 14639 14654 14693 14704 14722 14768 14781 14797 14826 14856 14857 14875 14906 14966 14982 14997 15011 15012 15075 15091 15092 15190 15191 
	}
	buildings_max_level_factor=1.000
        manpower=1
        state_category = town
}
