state={
	id=417
	name="STATE_417"
	provinces={
		431 702 761 1900 2862 2958 3238 3517 3522 3575 3724 3752 3800 3853 3993 4356 4595 4773 5625 5663 5809 5816 6109 6388 6622 6786 7806 7811 8356 13875 13913 13935 13981 14034 14044 14068 14123 14138 14146 14213 14214 14249 14265 14266 14267 14328 14329 14357 14358 14374 14375 14376 14387 14459 14460 14473 14488 14489 14528 14575 14576 14604 14623 14624 14640 14678 14695 14705 14739 14811 14909 14923 14968 
	}
	buildings_max_level_factor=1.000
        manpower=1
        state_category = town
}
