state={
	id=5
	name="STATE_5"
	history = {
		owner = ETA
		add_core_of = ETA
		victory_points = {
			11463 7
		}
	}
	provinces={
		817 908 989 1245 1864 1964 2057 2367 3506 3615 3629 3635 4023 5139 5323 5500 6063 6064 6533 7084 7364 7544 7553 7651 8147 8366 10748 10804 10921 10975 11003 11034 11083 11102 11149 11165 11212 11231 11247 11322 11323 11359 11376 11377 11408 11462 11463 11476 11507 11560 11573 11584 11598 11619 11620 11641 11671 11698 11806 12039 
	}
	buildings_max_level_factor=1.000
	manpower=1628145
	state_category = metropolis
}
