state={
	id=519
	name="STATE_519"
	history = {
		owner = XXX
		add_core_of = XXX
	}
	provinces={
		192 623 629 845 1044 1645 1875 2225 2517 3090 3503 3741 3828 3971 4156 4166 4568 5162 5214 5491 6245 6323 6743 8234 8416 15997 16016 16078 16091 16110 16111 16139 16207 16208 16227 16255 16310 16311 16340 16381 16382 16442 16463 16510 16511 16551 16566 16623 16647 16727 16741 16835 16866 16878 16974 16989 16990 
	}
	buildings_max_level_factor=1.000
        manpower=1
        state_category = town
}
