state={
	id=539
	name="STATE_539"
	history = {
		owner = YOR
		add_core_of = YOR
		victory_points = {
			4968 10
		}
	}
	provinces={
		240 324 523 655 976 1685 2303 2312 2804 3247 3430 4379 4490 4519 4968 4999 5149 5651 5730 5868 6272 6291 6352 6487 6493 6658 6839 7246 7352 7696 7915 8116 8202 8385 16457 16458 16547 16576 16577 16682 16705 16706 16775 16793 16794 16830 16851 16909 16928 16954 16972 16986 17001 17041 17067 17068 17088 17121 17169 17179 17200 17201 17218 17278 17311 17373 17397 17447 17470 17492 17505 17516 17593 17619 17636 17651 17671 17693 17708 17720 17721 17722 17759 17785 17786 17794 17864 17872 17873 17906 17936 17947 18013 
	}
	buildings_max_level_factor=1.000
	manpower=195440
	state_category = town
}
