state={
	id=548
	name="STATE_548"
	provinces={
		241 260 417 456 846 960 1017 1226 1571 1785 1954 2041 2083 2101 2920 2996 3264 3649 4268 4510 4770 4790 5120 5197 5224 5257 5353 5445 5814 5847 5959 6250 7109 7126 7160 8092 8213 8259 16376 16417 16426 16486 16503 16525 16562 16620 16664 16737 16774 16791 16792 16850 16874 16908 17000 17022 17023 17024 17053 17087 17120 17136 17150 17168 17246 17247 17248 17266 17294 17350 17351 17363 17386 17387 17396 17438 17439 17461 17469 17478 17536 17554 17609 17618 17629 17649 17650 17681 17729 17742 17752 17784 17804 17818 17845 17881 17891 17935 17946 17988 17989 17990 18041 18115 18126 18127 18166 
	}
	buildings_max_level_factor=1.000
        manpower=1
        state_category = town
}
