state={
	id=559
	name="STATE_559"
	provinces={
		49 231 364 551 881 1160 1169 1297 1418 1469 1510 1550 1706 2067 2118 2196 2208 2381 2489 2512 2588 2921 2982 3232 4104 4197 4357 4428 4625 5107 5276 5552 5916 6259 6329 6363 6451 6507 6861 6865 6892 7061 7122 7176 7208 7313 7342 7360 7425 7765 7773 8362 16358 16413 16468 16469 16470 16472 16499 16521 16543 16544 16574 16590 16603 16604 16618 16632 16633 16660 16680 16702 16720 16721 16734 16750 16771 16772 16788 16789 16807 16808 16809 16844 16845 16864 16872 16873 16884 16885 16903 16904 16905 16906 16923 16924 16925 16934 16969 16970 16982 16983 16984 17019 17039 17064 17085 17086 17117 17176 17196 17197 17198 17216 17244 17262 17305 17306 17307 17310 17348 17359 17408 17409 17437 17477 17486 17533 17572 17589 
	}
	buildings_max_level_factor=1.000
        manpower=1200000
        state_category = town
		history={
		owner = CEN
		add_core_of = CEN
		buildings = {
			infrastructure = 3
			industrial_complex = 2
			17408 = {
				naval_base = 3
			}
			
		}
	}
}
