state={
	id=668
	name="STATE_668"
	provinces={
		303 308 395 684 1467 2055 2058 2071 2093 2253 2488 2646 2688 2716 3361 4424 4679 5509 5950 5971 6542 6736 6747 7034 7682 7860 8365 18456 18515 18570 18602 18612 18638 18656 18665 18684 18691 18692 18735 18745 18811 18846 18868 18875 18892 18909 18912 18915 18929 18967 18980 18981 18982 18990 19021 19026 19030 19031 19035 19041 19087 19093 19105 19138 19187 19193 
	}
	buildings_max_level_factor=1.000
        manpower=1
        state_category = town
}
